#x    u
0    0.4
0.0031348    0.4
0.00626959    0.4
0.00940439    0.4
0.0125392    0.4
0.015674    0.4
0.0188088    0.4
0.0219436    0.4
0.0250784    0.4
0.0282132    0.4
0.031348    0.4
0.0344828    0.4
0.0376176    0.4
0.0407524    0.4
0.0438871    0.4
0.0470219    0.4
0.0501567    0.4
0.0532915    0.4
0.0564263    0.4
0.0595611    0.4
0.0626959    0.4
0.0658307    0.4
0.0689655    0.4
0.0721003    0.4
0.0752351    0.4
0.0783699    0.4
0.0815047    0.4
0.0846395    0.4
0.0877743    0.4
0.0909091    0.4
0.0940439    0.4
0.0971787    0.4
0.100313    0.4
0.103448    0.4
0.106583    0.4
0.109718    0.4
0.112853    0.4
0.115987    0.4
0.119122    0.4
0.122257    0.4
0.125392    0.4
0.128527    0.4
0.131661    0.4
0.134796    0.4
0.137931    0.4
0.141066    0.4
0.144201    0.4
0.147335    0.4
0.15047    0.4
0.153605    0.4
0.15674    0.4
0.159875    0.4
0.163009    0.4
0.166144    0.4
0.169279    0.4
0.172414    0.4
0.175549    0.4
0.178683    0.4
0.181818    0.4
0.184953    0.4
0.188088    0.4
0.191223    0.4
0.194357    0.4
0.197492    0.4
0.200627    0.4
0.203762    0.4
0.206897    0.4
0.210031    0.4
0.213166    0.4
0.216301    0.4
0.219436    0.4
0.222571    0.4
0.225705    0.4
0.22884    0.4
0.231975    0.4
0.23511    0.4
0.238245    0.4
0.241379    0.4
0.244514    0.4
0.247649    0.4
0.250784    0.4
0.253918    0.4
0.257053    0.4
0.260188    0.4
0.263323    0.4
0.266458    0.4
0.269592    0.4
0.272727    0.4
0.275862    0.4
0.278997    0.4
0.282132    0.4
0.285266    0.4
0.288401    0.4
0.291536    0.4
0.294671    0.4
0.297806    0.4
0.30094    0.4
0.304075    0.4
0.30721    0.4
0.310345    0.4
0.31348    0.4
0.316614    0.4
0.319749    0.4
0.322884    0.4
0.326019    0.4
0.329154    0.4
0.332288    0.4
0.335423    0.4
0.338558    0.4
0.341693    0.4
0.344828    0.4
0.347962    0.4
0.351097    0.4
0.354232    0.4
0.357367    0.4
0.360502    0.4
0.363636    0.4
0.366771    0.4
0.369906    0.4
0.373041    0.4
0.376176    0.4
0.37931    0.4
0.382445    0.4
0.38558    0.4
0.388715    0.4
0.39185    0.4
0.394984    0.4
0.398119    0.4
0.401254    0.4
0.404389    0.4
0.407524    0.4
0.410658    0.4
0.413793    0.4
0.416928    0.4
0.420063    0.4
0.423197    0.4
0.426332    0.4
0.429467    0.4
0.432602    0.4
0.435737    0.4
0.438871    0.4
0.442006    0.4
0.445141    0.4
0.448276    0.4
0.451411    0.4
0.454545    0.4
0.45768    0.4
0.460815    0.4
0.46395    0.4
0.467085    0.4
0.470219    0.4
0.473354    0.4
0.476489    0.4
0.479624    0.4
0.482759    0.4
0.485893    0.4
0.489028    0.4
0.492163    0.4
0.495298    0.4
0.498433    0.4
0.501567    0.4
0.504702    0.4
0.507837    0.4
0.510972    0.4
0.514107    0.4
0.517241    0.4
0.520376    0.4
0.523511    0.4
0.526646    0.4
0.529781    0.4
0.532915    0.4
0.53605    0.4
0.539185    0.4
0.54232    0.4
0.545455    0.4
0.548589    0.4
0.551724    0.4
0.554859    0.4
0.557994    0.4
0.561129    0.4
0.564263    0.4
0.567398    0.4
0.570533    0.4
0.573668    0.4
0.576803    0.4
0.579937    0.4
0.583072    0.4
0.586207    0.4
0.589342    0.4
0.592476    0.4
0.595611    0.4
0.598746    0.4
0.601881    0.8
0.605016    0.8
0.60815    0.8
0.611285    0.8
0.61442    0.8
0.617555    0.8
0.62069    0.8
0.623824    0.8
0.626959    0.8
0.630094    0.8
0.633229    0.8
0.636364    0.8
0.639498    0.8
0.642633    0.8
0.645768    0.8
0.648903    0.8
0.652038    0.8
0.655172    0.8
0.658307    0.8
0.661442    0.8
0.664577    0.8
0.667712    0.8
0.670846    0.8
0.673981    0.8
0.677116    0.8
0.680251    0.8
0.683386    0.8
0.68652    0.8
0.689655    0.8
0.69279    0.8
0.695925    0.8
0.69906    0.8
0.702194    0.8
0.705329    0.8
0.708464    0.8
0.711599    0.8
0.714734    0.8
0.717868    0.8
0.721003    0.8
0.724138    0.8
0.727273    0.8
0.730408    0.8
0.733542    0.8
0.736677    0.8
0.739812    0.8
0.742947    0.8
0.746082    0.8
0.749216    0.8
0.752351    0.8
0.755486    0.8
0.758621    0.8
0.761755    0.8
0.76489    0.8
0.768025    0.8
0.77116    0.8
0.774295    0.8
0.777429    0.8
0.780564    0.8
0.783699    0.8
0.786834    0.8
0.789969    0.8
0.793103    0.8
0.796238    0.8
0.799373    0.8
0.802508    0.4
0.805643    0.4
0.808777    0.4
0.811912    0.4
0.815047    0.4
0.818182    0.4
0.821317    0.4
0.824451    0.4
0.827586    0.4
0.830721    0.4
0.833856    0.4
0.836991    0.4
0.840125    0.4
0.84326    0.4
0.846395    0.4
0.84953    0.4
0.852665    0.4
0.855799    0.4
0.858934    0.4
0.862069    0.4
0.865204    0.4
0.868339    0.4
0.871473    0.4
0.874608    0.4
0.877743    0.4
0.880878    0.4
0.884013    0.4
0.887147    0.4
0.890282    0.4
0.893417    0.4
0.896552    0.4
0.899687    0.4
0.902821    0.4
0.905956    0.4
0.909091    0.4
0.912226    0.4
0.915361    0.4
0.918495    0.4
0.92163    0.4
0.924765    0.4
0.9279    0.4
0.931034    0.4
0.934169    0.4
0.937304    0.4
0.940439    0.4
0.943574    0.4
0.946708    0.4
0.949843    0.4
0.952978    0.4
0.956113    0.4
0.959248    0.4
0.962382    0.4
0.965517    0.4
0.968652    0.4
0.971787    0.4
0.974922    0.4
0.978056    0.4
0.981191    0.4
0.984326    0.4
0.987461    0.4
0.990596    0.4
0.99373    0.4
0.996865    0.4
1    0.4
